23 11 2023 16 25 22 
started
23 11 2023 16 34 14 
started
23 11 2023 16 35 8 
started
23 11 2023 16 37 2 
started
23 11 2023 16 40 54 
started
23 11 2023 16 43 58 
started
23 11 2023 16 45 22 
started
23 11 2023 16 46 54 
started
23 11 2023 16 48 32 
started
23 11 2023 16 49 51 
started
23 11 2023 16 52 38 
started
23 11 2023 16 57 8 
started
23 11 2023 16 59 34 
started
23 11 2023 17 1 12 
started
23 11 2023 17 5 40 
started
23 11 2023 17 8 15 
started
23 11 2023 19 56 1 
started
23 11 2023 19 56 47 
started
23 11 2023 19 57 3 
started
23 11 2023 19 57 39 
started
23 11 2023 19 59 27 
started
23 11 2023 20 1 9 
started
23 11 2023 20 1 38 
started
23 11 2023 20 3 23 
started
23 11 2023 20 4 21 
started
23 11 2023 20 4 42 
started
